20
10


2    59    42    90    48    56    11   -98    28   -95   -53   -77   -45    95     0     0     0     0     0     0

0   -53    10    91   -77    10   -13   -92    38    21    85    56    89    29     0     0     0     0     0     0
   -88    41    56    72    14    40   -98    97    71    50   -42    42    31   -75     0     0     0     0     0     0
    66    19    26    49   -93    27   -44   -84    60   -16    36   -47   -20    77     0     0     0     0     0     0
    94   -81    61    75   -23    31    18   -17    91    35   -30   -40    82   -74     0     0     0     0     0     0
    39     0   -35    69    18   -92   -44    44    83    21    75    16   -64    -4    -1     0     0     0     0     0
   -97     5    36   -12   -60    49    69   -86   -78    93   -38    43    79    15     0    -1     0     0     0     0
   -56    17    75    26    11   -79    14    15    62    88   -83  -100   -24    81     0     0     1     0     0     0
    94    18    59    74    81    23    24    91    26    70    83    10    61    95     0     0     0     1     0     0
    93    24    40    90    52    49    24    59    72    12    47    44    60    87     0     0     0     0     1     0
    87    79     3    99    63     3     0    68    14    27    74    76    98    50     0     0     0     0     0     1

194   211    56   222   125    17    48     1    14    92
