24
10


-23   -66   -66    -1   -34   -62   -22    -6   -88   -11   -93   -56   -13   -36     0     0     0     0     0     0     0     0     0     0

30     9    48    99    84    15    79    31    32    79    17     2    30    30    -1     0     0     0     0     0     0     0     0     0
    55    91    46    73    14   100    71    78     5    11    78    33    78    89     0    -1     0     0     0     0     0     0     0     0
    63    28    69    92    65    70    90     3    63    78    93    14    17    55     0     0    -1     0     0     0     0     0     0     0
    49    32    57    46    42    47    38    66    40    88     6    71    81    57     0     0     0    -1     0     0     0     0     0     0
    81    21    36    97    47    92    70    75    84    14    61    97    30    94     0     0     0     0    -1     0     0     0     0     0
    24    99    63    12    95    20    90    12     0    35    12    18    11    70     0     0     0     0     0    -1     0     0     0     0
    93    47     5    80    39     3    29    60    13    10     0    58     8    12     0     0     0     0     0     0    -1     0     0     0
    92    90     7    88    23    27     8    37    19    28    74    29    83    49     0     0     0     0     0     0     0    -1     0     0
     5    87    79    34    12    29    68    82    35    77    45    44    38    29     0     0     0     0     0     0     0     0    -1     0
    59    55    34    15    88    54     9    13    86    46    40    42    22    19     0     0     0     0     0     0     0     0     0    -1

584   821   799   719   898   560   456   653   663   581
