20
10


-99   -48   -72   -65   -20    -4  -100   -33    14    -9    73    56    98   -29     0     0     0     0     0     0

-15   -84    67    95    38    44    78    -5     4   -27    -9    62    64   -26     0     0     0     0     0     0
    49    56    11    -4    35   -61    87     2   -10    26    96    63   -77   -90     0     0     0     0     0     0
   -56    22    46    19    60   -73     6   -33    91    10    70   -72    17    93     0     0     0     0     0     0
   -57    14    11    -8   -81   -13    33    -7   -55    22    32   -28    87    56     0     0     0     0     0     0
    61    66    64    69    56    81    58    86    85    93    83    52    64    55     1     0     0     0     0     0
    73    41    50    62     4    44    99   -47    49   -44   -24   -19     6   -37     0    -1     0     0     0     0
    82    90    27   -53    17    27   -81    99    79    10   -61    91    -1   -51     0     0     1     0     0     0
    11    61   -26   -12    21   -39    18    -5   -57    67   -80    85    45    95     0     0     0     1     0     0
   -62    25    50   -30   -24    20   -33   -40     7   -45    50     6    65    32     0     0     0     0    -1     0
    30   -71   -59   -78    37    10   -18    72    92     6   -13     8   -75    75     0     0     0     0     0     1

286   183   200     6   974   256   276   185    20    17
