20
10


92    77   -45    46    19   -56   -21    67   -84   -20    39    70   -38   -60     0     0     0     0     0     0

 37   -51    92   -70    -1    39   -14    67   -58   -53   -57    61    67    61     0     0     0     0     0     0
 15   -76    40    69    95    68    30   -84   -39    77   -38   -51    -3   -95     0     0     0     0     0     0
-56    69    98    15    22    98    19   -46    53    50    28   -98    26   -90     0     0     0     0     0     0
 81    51     7    77   -77    84   -28    13    91   -29   -25   -22   -50    22     0     0     0     0     0     0
 67    91    91    54    97    88    50    99    99    66    70    77    76    81     1     0     0     0     0     0
 78    43   -26   -16     2    50   -84    -4   -20   -58    92   -78    80    26     0    -1     0     0     0     0
 40    44   -44   -35    45     1   -53    67    31    80    -9   -45   -61    15     0     0     1     0     0     0
-44    76   -97    53    16   -76    82    89   -37    62    53   -71    45    -3     0     0     0     1     0     0
-35    95    33    65    54    36     2   -41   -14    98   -33    10    32    41     0     0     0     0    -1     0
 46    -2   -10   -81    42    46    -4   -56    35    24    78     1    34    95     0     0     0     0     0    -1


120           8         188         195        1107          84          77         149         342         247
