20
10


-85    78    98   -13    75    17    57   -34    70   -14    20   -37   -60    34     0     0     0     0     0     0

22    -8    31    66    90    43   -81    91    85   -80    84    91    47    41     0     0     0     0     0     0
    54    78    66   -69   -47    82   -82    74   -62    61   -71    28    76   -55     0     0     0     0     0     0
    44    51   -74   -31    88   -53   -25   -65   -32    16    48    20    91    70     0     0     0     0     0     0
   -12    84    95    64    92    81     8    51   -18    83    26   -94   -26    61     0     0     0     0     0     0
    91    66    92    90    70    64    75    93    58    50    55    89   100    54     1     0     0     0     0     0
    44     6    16    79   -90    89    19   -30     7     0   -99   -76    57    -4     0    -1     0     0     0     0
   -17    49   -93     1    -1   -39     5    40    96    -2   -22   -29    41    11     0     0    -1     0     0     0
   -86   -41    12    66    72    17    35   -74   -11   -62   -79    76    83    84     0     0     0     1     0     0
   -59   -21    65    56   -94    88    95    47     9   -76   -55    30   -35    56     0     0     0     0     1     0
   -37    92   -85   -98   -94    78     7    32    98   -49    55    36    74    89     0     0     0     0     0     1

522         133         148         495        1048          17          39          93         107         199
