20
10


48    81    12   -93    13   -91    89    50    99    77   -51    35   -62   -63     0     0     0     0     0     0

55   -10   -83    29    -9    78    96   -84    81   -83     1   -81    27    89     0     0     0     0     0     0
    85    37     4    35    21     6    25    34    18    82   -92   -59   -49    13     0     0     0     0     0     0
    95    -5   -68    41    -6   -34    36    81   -60   -35    71   -33     6    74     0     0     0     0     0     0
    69    73   -92    35    45     6     0    17    66   -89    -8   -27    97    20     0     0     0     0     0     0
    60    72    93    53    87    64    50    94    79    65    88    52    95    53     1     0     0     0     0     0
     4   -41    42    -9    48    93   -62   -32   -83    91    77   -87    75    13     0     1     0     0     0     0
   -42   -19   -95   -61    65   -43   -37    60   -42    79    83     8    -5    89     0     0     1     0     0     0
    15    56    54     6    39   -43     3   -45   -46     7    64   -72    63    -2     0     0     0    -1     0     0
   -30   -12    28    33   -20   -51    -5    84   -20    74   -56    68    93    53     0     0     0     0    -1     0
    75   -72    97   -54    76    44   -22   -16   -79   -57     1    29    28   -19     0     0     0     0     0     1

106         160         163         212        1006         130          41          98         238          32
