20
10


-64    69    83   -69    51    -2    75   -69   -47    16   -32     8   -75    44     0     0     0     0     0     0

-23    92    55   -12   -41    67   -75   -84    -2   -43    76    58    92    15     0     0     0     0     0     0
    82    25   -10    65    71   -68   -80    86    32    39   -44   -60    60   -83     0     0     0     0     0     0
   -66    97    85    72    82   -70   -67    40    98    62    32   -30   -28    68     0     0     0     0     0     0
    91   -87    -3   -84   -55   -29     1    71   -22    72    86   -69    82   -51     0     0     0     0     0     0
    29   -80   -15    30   -24   -33    -6    45    97    70   -67    89    13   -91     1     0     0     0     0     0
    68   -31   -66   -82    12  -100    21    75    74    59    97   -30     8   -19     0     1     0     0     0     0
    -2    92    54    74   -80   -59   -65    38    81    52    46   -46    24   -32     0     0     1     0     0     0
    94    78    76    25    30   100    59     8    77    65    13    80    34    46     0     0     0     1     0     0
    62    45     6    39    73    41    85    97     3    24    55    67    89    79     0     0     0     0     1     0
    48    72     6    13     7     3    97     5     1    35    66    48    32     5     0     0     0     0     0     1

175   115   375     3    58    87   178    23    41    52
