24
10


-48   -47   -90   -88   -58   -83   -40   -30   -79   -54   -77   -10   -32   -56     0     0     0     0     0     0     0     0     0     0

70    72    92    62    80    88    60    86    16    19    26    30    96     8    -1     0     0     0     0     0     0     0     0     0
    56    25    87    96    70    65    46     1    90    94    69    10    16    79     0    -1     0     0     0     0     0     0     0     0
    72    75    63    73    89    75     5    67    30    38    22    92     8    32     0     0    -1     0     0     0     0     0     0     0
    61    44     2    75    75    79    45    78    44    80    99    52    28    94     0     0     0    -1     0     0     0     0     0     0
    65    40    67     8    65    25    69    12    62    74    94    35    33    82     0     0     0     0    -1     0     0     0     0     0
    82    63     1    80    81    10    37     2    98    49    91    86    57    18     0     0     0     0     0    -1     0     0     0     0
    35     3    68    93    24    96    12    92    51    18    99    76    26    42     0     0     0     0     0     0    -1     0     0     0
    27    48    87    21    25    87    16    75    76    88     7    20    11    57     0     0     0     0     0     0     0    -1     0     0
    12    54    48    40    16    64    84    38    85    62    42     1    82    89     0     0     0     0     0     0     0     0    -1     0
     3    64    53    38    95    84     0     1    74    24   100    92     6   100     0     0     0     0     0     0     0     0     0    -1

804   803   740   855   730   754   734   644   716   733
